000001
000002
000027
000030
000048
000063
000069
000088
000157
000333
000338
000404
000411
000419
000423
000425
000429
000498
000513
000521
000528
000537
000538
000543
000544
000550
000563
000568
000581
000582
000589
000591
000596
000598
000600
000601
000612
000623
000650
000651
000655
000661
000672
000683
000685
000690
000708
000709
000719
000726
000739
000755
000776
000783
000786
000791
000807
000828
000830
000848
000850
000858
000869
000875
000878
000883
000885
000895
000898
000899
000900
000902
000906
000913
000915
000920
000921
000923
000928
000932
000933
000951
000960
000963
000983
000987
000997
000999
001206
001207
001216
001219
001227
001286
001289
001323
001332
001338
001872
001914
001965
001979
002001
002003
002010
002014
002020
002027
002032
002033
002034
002035
002043
002056
002060
002061
002075
002078
002081
002091
002100
002116
002120
002128
002142
002154
002170
002206
002215
002216
002223
002233
002236
002242
002249
002267
002275
002282
002283
002293
002296
002299
002303
002304
002311
002318
002332
002346
002352
002367
002399
002404
002415
002448
002478
002479
002483
002507
002508
002532
002533
002539
002540
002541
002543
002546
002555
002563
002572
002588
002601
002612
002626
002648
002661
002690
002701
002705
002714
002727
002734
002736
002746
002749
002758
002763
002773
002788
002807
002818
002823
002831
002832
002833
002839
002847
002852
002867
002884
002895
002942
002948
002958
002959
002961
002966
002968
002978
002984
003000
003012
003013
003816
300009
300140
300144
300146
300181
300193
300251
300360
300384
300406
300415
300428
300441
300452
300453
300470
300498
300505
300532
300573
300628
300641
300695
300760
300770
300791
300815
300864
300866
300873
300881
300908
300910
300979
301004
301015
301039
301109
301175
301203
301223
301283
301303
301603
600000
600007
600008
600009
600010
600011
600012
600015
600016
600017
600018
600019
600020
600021
600023
600025
600026
600027
600028
600029
600030
600031
600033
600035
600036
600039
600048
600050
600057
600060
600062
600064
600066
600079
600096
600098
600104
600115
600132
600141
600153
600167
600170
600177
600188
600196
600210
600211
600216
600219
600233
600236
600248
600258
600267
600269
600273
600276
600282
600283
600284
600285
600295
600300
600323
600329
600332
600348
600350
600351
600361
600362
600368
600373
600377
600382
600388
600389
600395
600398
600415
600418
600420
600425
600426
600428
600461
600469
600479
600480
600483
600496
600497
600499
600502
600507
600511
600519
600522
600526
600529
600531
600535
600546
600551
600566
600572
600578
600582
600583
600585
600598
600600
600612
600618
600642
600660
600662
600674
600681
600690
600694
600704
600710
600711
600713
600717
600720
600729
600731
600741
600742
600750
600755
600757
600761
600795
600801
600803
600809
600817
600820
600821
600837
600854
600861
600863
600866
600867
600873
600874
600875
600886
600887
600888
600894
600897
600900
600901
600908
600919
600926
600928
600938
600941
600956
600968
600970
600976
600982
600983
600985
600987
600989
600993
600998
600999
601000
601001
601002
601006
601009
601016
601018
601019
601021
601033
601038
601058
601061
601065
601077
601083
601088
601098
601101
601107
601111
601117
601128
601137
601139
601156
601158
601163
601166
601168
601169
601186
601187
601199
601211
601216
601225
601229
601238
601288
601298
601311
601318
601319
601326
601328
601330
601333
601336
601339
601369
601377
601390
601398
601518
601528
601555
601566
601567
601577
601598
601600
601601
601619
601628
601658
601665
601666
601668
601669
601686
601688
601699
601717
601728
601766
601800
601801
601811
601818
601825
601827
601838
601857
601860
601872
601877
601886
601898
601899
601900
601916
601918
601919
601921
601928
601939
601958
601963
601966
601985
601988
601991
601997
601998
603008
603013
603025
603035
603043
603053
603055
603071
603080
603100
603102
603105
603111
603112
603128
603129
603165
603167
603170
603173
603187
603195
603198
603199
603201
603207
603218
603227
603230
603233
603235
603237
603277
603279
603288
603298
603299
603309
603323
603326
603328
603337
603345
603355
603357
603365
603367
603368
603369
603387
603408
603444
603456
603508
603515
603517
603518
603519
603529
603551
603558
603565
603566
603568
603586
603587
603588
603589
603599
603600
603611
603619
603639
603658
603661
603676
603689
603706
603726
603733
603766
603788
603797
603801
603811
603816
603833
603855
603866
603871
603883
603886
603889
603897
603899
603939
603948
603966
603967
603970
603987
603993
603995
603998
605009
605050
605077
605090
605098
605099
605259
605266
605319
605368
605377
605507
605589
688009
688029
688036
688093
688128
688186
688187
688208
688526
688550
688566
688581
688606
688612
688628
689009