000001
000002
000027
000063
000069
000333
000338
000411
000538
000550
000568
000596
000600
000651
000709
000807
000848
000858
000869
000895
000898
000906
000913
000932
000951
000983
001216
001227
001289
001914
001979
002003
002014
002027
002032
002043
002056
002060
002075
002100
002116
002142
002242
002275
002293
002303
002304
002318
002332
002346
002352
002415
002478
002507
002508
002532
002533
002555
002661
002714
002734
002749
002758
002773
002831
002833
002839
002895
003012
003816
300181
300532
300628
301015
600000
600007
600009
600010
600011
600015
600016
600019
600023
600028
600029
600030
600036
600048
600050
600104
600115
600132
600153
600188
600196
600211
600276
600295
600300
600348
600395
600418
600480
600507
600519
600535
600546
600566
600572
600585
600600
600642
600662
600674
600750
600755
600795
600801
600809
600837
600886
600887
600888
600900
600908
600919
600926
600941
600982
601001
601006
601009
601021
601088
601111
601128
601166
601168
601169
601186
601211
601225
601229
601238
601288
601318
601328
601336
601390
601398
601566
601601
601628
601658
601666
601668
601688
601699
601728
601818
601838
601857
601860
601886
601898
601939
601985
601997
603080
603111
603112
603128
603165
603195
603230
603277
603279
603288
603299
603309
603326
603365
603367
603369
603444
603508
603515
603551
603587
603588
603589
603639
603676
603788
603801
603855
603886
603897
603948
603967
603970
605050
605090
605098
605368
605377
688526
